I,J,V,T
0,0,0,0
0,1,1,0
0,2,0,0
1,0,0,0
1,1,1,0
1,2,0,0
2,0,0,0
2,1,1,0
2,2,0,0
0,0,0,1
0,1,0,1
0,2,0,1
1,0,1,1
1,1,1,1
1,2,1,1
2,0,0,1
2,1,0,1
2,2,0,1
0,0,0,2
0,1,1,2
0,2,0,2
1,0,0,2
1,1,1,2
1,2,0,2
2,0,0,2
2,1,1,2
2,2,0,2
0,0,0,3
0,1,0,3
0,2,0,3
1,0,1,3
1,1,1,3
1,2,1,3
2,0,0,3
2,1,0,3
2,2,0,3
0,0,0,4
0,1,1,4
0,2,0,4
1,0,0,4
1,1,1,4
1,2,0,4
2,0,0,4
2,1,1,4
2,2,0,4
0,0,0,5
0,1,0,5
0,2,0,5
1,0,1,5
1,1,1,5
1,2,1,5
2,0,0,5
2,1,0,5
2,2,0,5
0,0,0,6
0,1,1,6
0,2,0,6
1,0,0,6
1,1,1,6
1,2,0,6
2,0,0,6
2,1,1,6
2,2,0,6
0,0,0,7
0,1,0,7
0,2,0,7
1,0,1,7
1,1,1,7
1,2,1,7
2,0,0,7
2,1,0,7
2,2,0,7
0,0,0,8
0,1,1,8
0,2,0,8
1,0,0,8
1,1,1,8
1,2,0,8
2,0,0,8
2,1,1,8
2,2,0,8
0,0,0,9
0,1,0,9
0,2,0,9
1,0,1,9
1,1,1,9
1,2,1,9
2,0,0,9
2,1,0,9
2,2,0,9
0,0,0,10
0,1,1,10
0,2,0,10
1,0,0,10
1,1,1,10
1,2,0,10
2,0,0,10
2,1,1,10
2,2,0,10
0,0,0,11
0,1,0,11
0,2,0,11
1,0,1,11
1,1,1,11
1,2,1,11
2,0,0,11
2,1,0,11
2,2,0,11
0,0,0,12
0,1,1,12
0,2,0,12
1,0,0,12
1,1,1,12
1,2,0,12
2,0,0,12
2,1,1,12
2,2,0,12
0,0,0,13
0,1,0,13
0,2,0,13
1,0,1,13
1,1,1,13
1,2,1,13
2,0,0,13
2,1,0,13
2,2,0,13
0,0,0,14
0,1,1,14
0,2,0,14
1,0,0,14
1,1,1,14
1,2,0,14
2,0,0,14
2,1,1,14
2,2,0,14
0,0,0,15
0,1,0,15
0,2,0,15
1,0,1,15
1,1,1,15
1,2,1,15
2,0,0,15
2,1,0,15
2,2,0,15
0,0,0,16
0,1,1,16
0,2,0,16
1,0,0,16
1,1,1,16
1,2,0,16
2,0,0,16
2,1,1,16
2,2,0,16
0,0,0,17
0,1,0,17
0,2,0,17
1,0,1,17
1,1,1,17
1,2,1,17
2,0,0,17
2,1,0,17
2,2,0,17
0,0,0,18
0,1,1,18
0,2,0,18
1,0,0,18
1,1,1,18
1,2,0,18
2,0,0,18
2,1,1,18
2,2,0,18
0,0,0,19
0,1,0,19
0,2,0,19
1,0,1,19
1,1,1,19
1,2,1,19
2,0,0,19
2,1,0,19
2,2,0,19
0,0,0,20
0,1,1,20
0,2,0,20
1,0,0,20
1,1,1,20
1,2,0,20
2,0,0,20
2,1,1,20
2,2,0,20
0,0,0,21
0,1,0,21
0,2,0,21
1,0,1,21
1,1,1,21
1,2,1,21
2,0,0,21
2,1,0,21
2,2,0,21
0,0,0,22
0,1,1,22
0,2,0,22
1,0,0,22
1,1,1,22
1,2,0,22
2,0,0,22
2,1,1,22
2,2,0,22
0,0,0,23
0,1,0,23
0,2,0,23
1,0,1,23
1,1,1,23
1,2,1,23
2,0,0,23
2,1,0,23
2,2,0,23
0,0,0,24
0,1,1,24
0,2,0,24
1,0,0,24
1,1,1,24
1,2,0,24
2,0,0,24
2,1,1,24
2,2,0,24
0,0,0,25
0,1,0,25
0,2,0,25
1,0,1,25
1,1,1,25
1,2,1,25
2,0,0,25
2,1,0,25
2,2,0,25
0,0,0,26
0,1,1,26
0,2,0,26
1,0,0,26
1,1,1,26
1,2,0,26
2,0,0,26
2,1,1,26
2,2,0,26
0,0,0,27
0,1,0,27
0,2,0,27
1,0,1,27
1,1,1,27
1,2,1,27
2,0,0,27
2,1,0,27
2,2,0,27
0,0,0,28
0,1,1,28
0,2,0,28
1,0,0,28
1,1,1,28
1,2,0,28
2,0,0,28
2,1,1,28
2,2,0,28
0,0,0,29
0,1,0,29
0,2,0,29
1,0,1,29
1,1,1,29
1,2,1,29
2,0,0,29
2,1,0,29
2,2,0,29
0,0,0,30
0,1,1,30
0,2,0,30
1,0,0,30
1,1,1,30
1,2,0,30
2,0,0,30
2,1,1,30
2,2,0,30
0,0,0,31
0,1,0,31
0,2,0,31
1,0,1,31
1,1,1,31
1,2,1,31
2,0,0,31
2,1,0,31
2,2,0,31
0,0,0,32
0,1,1,32
0,2,0,32
1,0,0,32
1,1,1,32
1,2,0,32
2,0,0,32
2,1,1,32
2,2,0,32
0,0,0,33
0,1,0,33
0,2,0,33
1,0,1,33
1,1,1,33
1,2,1,33
2,0,0,33
2,1,0,33
2,2,0,33
0,0,0,34
0,1,1,34
0,2,0,34
1,0,0,34
1,1,1,34
1,2,0,34
2,0,0,34
2,1,1,34
2,2,0,34
0,0,0,35
0,1,0,35
0,2,0,35
1,0,1,35
1,1,1,35
1,2,1,35
2,0,0,35
2,1,0,35
2,2,0,35
0,0,0,36
0,1,1,36
0,2,0,36
1,0,0,36
1,1,1,36
1,2,0,36
2,0,0,36
2,1,1,36
2,2,0,36
0,0,0,37
0,1,0,37
0,2,0,37
1,0,1,37
1,1,1,37
1,2,1,37
2,0,0,37
2,1,0,37
2,2,0,37
0,0,0,38
0,1,1,38
0,2,0,38
1,0,0,38
1,1,1,38
1,2,0,38
2,0,0,38
2,1,1,38
2,2,0,38
0,0,0,39
0,1,0,39
0,2,0,39
1,0,1,39
1,1,1,39
1,2,1,39
2,0,0,39
2,1,0,39
2,2,0,39
0,0,0,40
0,1,1,40
0,2,0,40
1,0,0,40
1,1,1,40
1,2,0,40
2,0,0,40
2,1,1,40
2,2,0,40
0,0,0,41
0,1,0,41
0,2,0,41
1,0,1,41
1,1,1,41
1,2,1,41
2,0,0,41
2,1,0,41
2,2,0,41
0,0,0,42
0,1,1,42
0,2,0,42
1,0,0,42
1,1,1,42
1,2,0,42
2,0,0,42
2,1,1,42
2,2,0,42
0,0,0,43
0,1,0,43
0,2,0,43
1,0,1,43
1,1,1,43
1,2,1,43
2,0,0,43
2,1,0,43
2,2,0,43
0,0,0,44
0,1,1,44
0,2,0,44
1,0,0,44
1,1,1,44
1,2,0,44
2,0,0,44
2,1,1,44
2,2,0,44
0,0,0,45
0,1,0,45
0,2,0,45
1,0,1,45
1,1,1,45
1,2,1,45
2,0,0,45
2,1,0,45
2,2,0,45
0,0,0,46
0,1,1,46
0,2,0,46
1,0,0,46
1,1,1,46
1,2,0,46
2,0,0,46
2,1,1,46
2,2,0,46
0,0,0,47
0,1,0,47
0,2,0,47
1,0,1,47
1,1,1,47
1,2,1,47
2,0,0,47
2,1,0,47
2,2,0,47
0,0,0,48
0,1,1,48
0,2,0,48
1,0,0,48
1,1,1,48
1,2,0,48
2,0,0,48
2,1,1,48
2,2,0,48
0,0,0,49
0,1,0,49
0,2,0,49
1,0,1,49
1,1,1,49
1,2,1,49
2,0,0,49
2,1,0,49
2,2,0,49
0,0,0,50
0,1,1,50
0,2,0,50
1,0,0,50
1,1,1,50
1,2,0,50
2,0,0,50
2,1,1,50
2,2,0,50
0,0,0,51
0,1,0,51
0,2,0,51
1,0,1,51
1,1,1,51
1,2,1,51
2,0,0,51
2,1,0,51
2,2,0,51
0,0,0,52
0,1,1,52
0,2,0,52
1,0,0,52
1,1,1,52
1,2,0,52
2,0,0,52
2,1,1,52
2,2,0,52
0,0,0,53
0,1,0,53
0,2,0,53
1,0,1,53
1,1,1,53
1,2,1,53
2,0,0,53
2,1,0,53
2,2,0,53
0,0,0,54
0,1,1,54
0,2,0,54
1,0,0,54
1,1,1,54
1,2,0,54
2,0,0,54
2,1,1,54
2,2,0,54
0,0,0,55
0,1,0,55
0,2,0,55
1,0,1,55
1,1,1,55
1,2,1,55
2,0,0,55
2,1,0,55
2,2,0,55
0,0,0,56
0,1,1,56
0,2,0,56
1,0,0,56
1,1,1,56
1,2,0,56
2,0,0,56
2,1,1,56
2,2,0,56
0,0,0,57
0,1,0,57
0,2,0,57
1,0,1,57
1,1,1,57
1,2,1,57
2,0,0,57
2,1,0,57
2,2,0,57
0,0,0,58
0,1,1,58
0,2,0,58
1,0,0,58
1,1,1,58
1,2,0,58
2,0,0,58
2,1,1,58
2,2,0,58
0,0,0,59
0,1,0,59
0,2,0,59
1,0,1,59
1,1,1,59
1,2,1,59
2,0,0,59
2,1,0,59
2,2,0,59
0,0,0,60
0,1,1,60
0,2,0,60
1,0,0,60
1,1,1,60
1,2,0,60
2,0,0,60
2,1,1,60
2,2,0,60
0,0,0,61
0,1,0,61
0,2,0,61
1,0,1,61
1,1,1,61
1,2,1,61
2,0,0,61
2,1,0,61
2,2,0,61
0,0,0,62
0,1,1,62
0,2,0,62
1,0,0,62
1,1,1,62
1,2,0,62
2,0,0,62
2,1,1,62
2,2,0,62
0,0,0,63
0,1,0,63
0,2,0,63
1,0,1,63
1,1,1,63
1,2,1,63
2,0,0,63
2,1,0,63
2,2,0,63
0,0,0,64
0,1,1,64
0,2,0,64
1,0,0,64
1,1,1,64
1,2,0,64
2,0,0,64
2,1,1,64
2,2,0,64
0,0,0,65
0,1,0,65
0,2,0,65
1,0,1,65
1,1,1,65
1,2,1,65
2,0,0,65
2,1,0,65
2,2,0,65
0,0,0,66
0,1,1,66
0,2,0,66
1,0,0,66
1,1,1,66
1,2,0,66
2,0,0,66
2,1,1,66
2,2,0,66
0,0,0,67
0,1,0,67
0,2,0,67
1,0,1,67
1,1,1,67
1,2,1,67
2,0,0,67
2,1,0,67
2,2,0,67
0,0,0,68
0,1,1,68
0,2,0,68
1,0,0,68
1,1,1,68
1,2,0,68
2,0,0,68
2,1,1,68
2,2,0,68
0,0,0,69
0,1,0,69
0,2,0,69
1,0,1,69
1,1,1,69
1,2,1,69
2,0,0,69
2,1,0,69
2,2,0,69
0,0,0,70
0,1,1,70
0,2,0,70
1,0,0,70
1,1,1,70
1,2,0,70
2,0,0,70
2,1,1,70
2,2,0,70
0,0,0,71
0,1,0,71
0,2,0,71
1,0,1,71
1,1,1,71
1,2,1,71
2,0,0,71
2,1,0,71
2,2,0,71
0,0,0,72
0,1,1,72
0,2,0,72
1,0,0,72
1,1,1,72
1,2,0,72
2,0,0,72
2,1,1,72
2,2,0,72
0,0,0,73
0,1,0,73
0,2,0,73
1,0,1,73
1,1,1,73
1,2,1,73
2,0,0,73
2,1,0,73
2,2,0,73
0,0,0,74
0,1,1,74
0,2,0,74
1,0,0,74
1,1,1,74
1,2,0,74
2,0,0,74
2,1,1,74
2,2,0,74
0,0,0,75
0,1,0,75
0,2,0,75
1,0,1,75
1,1,1,75
1,2,1,75
2,0,0,75
2,1,0,75
2,2,0,75
0,0,0,76
0,1,1,76
0,2,0,76
1,0,0,76
1,1,1,76
1,2,0,76
2,0,0,76
2,1,1,76
2,2,0,76
0,0,0,77
0,1,0,77
0,2,0,77
1,0,1,77
1,1,1,77
1,2,1,77
2,0,0,77
2,1,0,77
2,2,0,77
0,0,0,78
0,1,1,78
0,2,0,78
1,0,0,78
1,1,1,78
1,2,0,78
2,0,0,78
2,1,1,78
2,2,0,78
0,0,0,79
0,1,0,79
0,2,0,79
1,0,1,79
1,1,1,79
1,2,1,79
2,0,0,79
2,1,0,79
2,2,0,79
0,0,0,80
0,1,1,80
0,2,0,80
1,0,0,80
1,1,1,80
1,2,0,80
2,0,0,80
2,1,1,80
2,2,0,80
0,0,0,81
0,1,0,81
0,2,0,81
1,0,1,81
1,1,1,81
1,2,1,81
2,0,0,81
2,1,0,81
2,2,0,81
0,0,0,82
0,1,1,82
0,2,0,82
1,0,0,82
1,1,1,82
1,2,0,82
2,0,0,82
2,1,1,82
2,2,0,82
0,0,0,83
0,1,0,83
0,2,0,83
1,0,1,83
1,1,1,83
1,2,1,83
2,0,0,83
2,1,0,83
2,2,0,83
0,0,0,84
0,1,1,84
0,2,0,84
1,0,0,84
1,1,1,84
1,2,0,84
2,0,0,84
2,1,1,84
2,2,0,84
0,0,0,85
0,1,0,85
0,2,0,85
1,0,1,85
1,1,1,85
1,2,1,85
2,0,0,85
2,1,0,85
2,2,0,85
0,0,0,86
0,1,1,86
0,2,0,86
1,0,0,86
1,1,1,86
1,2,0,86
2,0,0,86
2,1,1,86
2,2,0,86
0,0,0,87
0,1,0,87
0,2,0,87
1,0,1,87
1,1,1,87
1,2,1,87
2,0,0,87
2,1,0,87
2,2,0,87
0,0,0,88
0,1,1,88
0,2,0,88
1,0,0,88
1,1,1,88
1,2,0,88
2,0,0,88
2,1,1,88
2,2,0,88
0,0,0,89
0,1,0,89
0,2,0,89
1,0,1,89
1,1,1,89
1,2,1,89
2,0,0,89
2,1,0,89
2,2,0,89
0,0,0,90
0,1,1,90
0,2,0,90
1,0,0,90
1,1,1,90
1,2,0,90
2,0,0,90
2,1,1,90
2,2,0,90
0,0,0,91
0,1,0,91
0,2,0,91
1,0,1,91
1,1,1,91
1,2,1,91
2,0,0,91
2,1,0,91
2,2,0,91
0,0,0,92
0,1,1,92
0,2,0,92
1,0,0,92
1,1,1,92
1,2,0,92
2,0,0,92
2,1,1,92
2,2,0,92
0,0,0,93
0,1,0,93
0,2,0,93
1,0,1,93
1,1,1,93
1,2,1,93
2,0,0,93
2,1,0,93
2,2,0,93
0,0,0,94
0,1,1,94
0,2,0,94
1,0,0,94
1,1,1,94
1,2,0,94
2,0,0,94
2,1,1,94
2,2,0,94
0,0,0,95
0,1,0,95
0,2,0,95
1,0,1,95
1,1,1,95
1,2,1,95
2,0,0,95
2,1,0,95
2,2,0,95
0,0,0,96
0,1,1,96
0,2,0,96
1,0,0,96
1,1,1,96
1,2,0,96
2,0,0,96
2,1,1,96
2,2,0,96
0,0,0,97
0,1,0,97
0,2,0,97
1,0,1,97
1,1,1,97
1,2,1,97
2,0,0,97
2,1,0,97
2,2,0,97
0,0,0,98
0,1,1,98
0,2,0,98
1,0,0,98
1,1,1,98
1,2,0,98
2,0,0,98
2,1,1,98
2,2,0,98
0,0,0,99
0,1,0,99
0,2,0,99
1,0,1,99
1,1,1,99
1,2,1,99
2,0,0,99
2,1,0,99
2,2,0,99
0,0,0,100
0,1,1,100
0,2,0,100
1,0,0,100
1,1,1,100
1,2,0,100
2,0,0,100
2,1,1,100
2,2,0,100
0,0,0,101
0,1,0,101
0,2,0,101
1,0,1,101
1,1,1,101
1,2,1,101
2,0,0,101
2,1,0,101
2,2,0,101
0,0,0,102
0,1,1,102
0,2,0,102
1,0,0,102
1,1,1,102
1,2,0,102
2,0,0,102
2,1,1,102
2,2,0,102
0,0,0,103
0,1,0,103
0,2,0,103
1,0,1,103
1,1,1,103
1,2,1,103
2,0,0,103
2,1,0,103
2,2,0,103
0,0,0,104
0,1,1,104
0,2,0,104
1,0,0,104
1,1,1,104
1,2,0,104
2,0,0,104
2,1,1,104
2,2,0,104
0,0,0,105
0,1,0,105
0,2,0,105
1,0,1,105
1,1,1,105
1,2,1,105
2,0,0,105
2,1,0,105
2,2,0,105
0,0,0,106
0,1,1,106
0,2,0,106
1,0,0,106
1,1,1,106
1,2,0,106
2,0,0,106
2,1,1,106
2,2,0,106
0,0,0,107
0,1,0,107
0,2,0,107
1,0,1,107
1,1,1,107
1,2,1,107
2,0,0,107
2,1,0,107
2,2,0,107
0,0,0,108
0,1,1,108
0,2,0,108
1,0,0,108
1,1,1,108
1,2,0,108
2,0,0,108
2,1,1,108
2,2,0,108
0,0,0,109
0,1,0,109
0,2,0,109
1,0,1,109
1,1,1,109
1,2,1,109
2,0,0,109
2,1,0,109
2,2,0,109
0,0,0,110
0,1,1,110
0,2,0,110
1,0,0,110
1,1,1,110
1,2,0,110
2,0,0,110
2,1,1,110
2,2,0,110
